        Frequency / GHz                Realized Gain,Phi=0.0,Max. Value (Subrange)/real
----------------------------------------------------------------------
                       1                      -28.207484
                     1.1                      -26.308193
                     1.2                      -24.081911
                     1.3                      -21.422536
                     1.4                      -18.774382
                     1.5                      -16.138142
                     1.6                      -13.335084
                     1.7                      -10.626604
                     1.8                       -7.779123
                     1.9                      -5.0994258
                       2                       -2.376636
                     2.1                     0.078873915
                     2.2                       2.3473596
                     2.3                        3.869312
                     2.4                       4.4355653
                     2.5                       4.5548036
                     2.6                       4.1162046
                     2.7                       3.0883036
                     2.8                       2.0532244
                     2.9                      0.83353829
                       3                   -0.0057910523

