        Frequency / GHz                S1,1/abs,dB
----------------------------------------------------------------------
                       1                     -0.22148383
                   1.002                     -0.22066149
               1.0039999                     -0.21960634
                   1.006                     -0.21832491
                   1.008                     -0.21682659
                    1.01                     -0.21511978
                   1.012                      -0.2132137
               1.0140001                     -0.21111801
                   1.016                     -0.20884379
                   1.018                     -0.20640144
                    1.02                     -0.20380319
                   1.022                     -0.20105968
                   1.024                     -0.19818355
                   1.026                     -0.19518725
                   1.028                      -0.1920827
                    1.03                     -0.18888268
               1.0319999                      -0.1856002
                   1.034                     -0.18224826
                   1.036                     -0.17883948
                   1.038                      -0.1753863
                    1.04                     -0.17190201
               1.0420001                     -0.16839908
                   1.044                     -0.16489042
                   1.046                     -0.16138693
                   1.048                     -0.15790163
                    1.05                     -0.15444633
                   1.052                     -0.15103194
                   1.054                     -0.14767076
                   1.056                     -0.14437251
                   1.058                     -0.14114751
               1.0599999                     -0.13800537
                   1.062                     -0.13495681
                   1.064                     -0.13200996
                   1.066                     -0.12917433
                   1.068                      -0.1264557
               1.0700001                     -0.12386375
                   1.072                      -0.1214043
                   1.074                     -0.11908352
                   1.076                     -0.11690761
               1.0779999                     -0.11488253
                    1.08                     -0.11301158
                   1.082                     -0.11129861
                   1.084                     -0.10974887
                   1.086                     -0.10836413
               1.0880001                     -0.10714575
                    1.09                     -0.10609776
                   1.092                     -0.10521872
                   1.094                     -0.10451022
                   1.096                     -0.10397277
                   1.098                     -0.10360468
                     1.1                     -0.10340649
                   1.102                     -0.10337424
                   1.104                     -0.10350743
               1.1059999                     -0.10380242
                   1.108                     -0.10425716
                    1.11                     -0.10486569
                   1.112                     -0.10562559
                   1.114                     -0.10653259
               1.1160001                     -0.10758054
                   1.118                     -0.10876432
                    1.12                     -0.11007893
                   1.122                     -0.11151728
                   1.124                     -0.11307299
                   1.126                     -0.11473994
                   1.128                     -0.11650991
                    1.13                     -0.11837702
                   1.132                     -0.12033304
               1.1339999                     -0.12236992
                   1.136                      -0.1244803
                   1.138                     -0.12665556
                    1.14                     -0.12888825
                   1.142                      -0.1311694
               1.1440001                      -0.1334912
                   1.146                     -0.13584562
                   1.148                      -0.1382243
                    1.15                     -0.14061716
                   1.152                     -0.14301821
                   1.154                     -0.14541797
                   1.156                     -0.14780909
                   1.158                     -0.15018375
                    1.16                     -0.15253272
               1.1619999                     -0.15485058
                   1.164                      -0.1571281
                   1.166                     -0.15935944
                   1.168                     -0.16153677
                    1.17                     -0.16365374
               1.1720001                     -0.16570378
                   1.174                     -0.16768095
                   1.176                     -0.16958032
                   1.178                     -0.17139606
               1.1799999                     -0.17312381
                   1.182                     -0.17475693
                   1.184                     -0.17629281
                   1.186                     -0.17772811
                   1.188                     -0.17905804
               1.1900001                     -0.18028128
                   1.192                     -0.18139355
                   1.194                     -0.18239331
                   1.196                     -0.18327946
                   1.198                     -0.18404992
                     1.2                     -0.18470407
                   1.202                     -0.18524172
                   1.204                     -0.18566242
                   1.206                     -0.18596752
               1.2079999                     -0.18615683
                    1.21                     -0.18623192
                   1.212                     -0.18619438
                   1.214                     -0.18604615
                   1.216                     -0.18578986
               1.2180001                     -0.18542925
                    1.22                     -0.18496547
                   1.222                     -0.18440272
                   1.224                     -0.18374477
                   1.226                     -0.18299637
                   1.228                     -0.18216105
                    1.23                     -0.18124342
                   1.232                     -0.18024839
                   1.234                     -0.17918117
               1.2359999                     -0.17804689
                   1.238                     -0.17685026
                    1.24                     -0.17559778
                   1.242                     -0.17429527
                   1.244                     -0.17294872
               1.2460001                     -0.17156238
                   1.248                     -0.17014402
                    1.25                     -0.16869902
                   1.252                     -0.16723245
               1.2539999                     -0.16575221
                   1.256                     -0.16426366
                   1.258                     -0.16277177
                    1.26                     -0.16128388
                   1.262                     -0.15980544
               1.2640001                     -0.15834153
                   1.266                     -0.15689938
                   1.268                     -0.15548304
                    1.27                     -0.15409879
                   1.272                       -0.152751
                   1.274                     -0.15144627
                   1.276                     -0.15018789
                   1.278                     -0.14898086
                    1.28                     -0.14783025
               1.2819999                      -0.1467401
                   1.284                     -0.14571369
                   1.286                     -0.14475588
                   1.288                     -0.14386904
                    1.29                     -0.14305734
               1.2920001                     -0.14232231
                   1.294                     -0.14166769
                   1.296                     -0.14109623
                   1.298                     -0.14060854
                     1.3                     -0.14020794
                   1.302                     -0.13989453
                   1.304                     -0.13967045
                   1.306                     -0.13953584
                   1.308                      -0.1394915
               1.3099999                     -0.13953787
                   1.312                     -0.13967455
                   1.314                     -0.13990243
                   1.316                     -0.14021863
                   1.318                     -0.14062439
               1.3200001                     -0.14111817
                   1.322                     -0.14169687
                   1.324                     -0.14236097
                   1.326                     -0.14310658
               1.3279999                     -0.14393375
                    1.33                     -0.14483772
                   1.332                      -0.1458172
                   1.334                     -0.14686927
                   1.336                     -0.14799016
               1.3380001                      -0.1491768
                    1.34                     -0.15042626
                   1.342                     -0.15173454
                   1.344                     -0.15309824
                   1.346                      -0.1545127
                   1.348                     -0.15597497
                    1.35                     -0.15748004
                   1.352                     -0.15902369
                   1.354                     -0.16060223
               1.3559999                     -0.16221019
                   1.358                     -0.16384479
                    1.36                     -0.16549937
                   1.362                     -0.16717094
                   1.364                      -0.1688563
               1.3660001                     -0.17054785
                   1.368                     -0.17224376
                    1.37                      -0.1739379
                   1.372                     -0.17562704
                   1.374                     -0.17730707
                   1.376                     -0.17897256
                   1.378                     -0.18062029
                    1.38                     -0.18224609
                   1.382                     -0.18384606
               1.3839999                      -0.1854167
                   1.386                     -0.18695456
                   1.388                     -0.18845608
                    1.39                     -0.18991742
                   1.392                     -0.19133607
               1.3940001                     -0.19270958
                   1.396                     -0.19403477
                   1.398                     -0.19530857
                     1.4                     -0.19652986
                   1.402                     -0.19769668
                   1.404                      -0.1988064
                   1.406                     -0.19985815
                   1.408                     -0.20084947
                    1.41                     -0.20178058
               1.4119999                      -0.2026507
                   1.414                     -0.20345802
                   1.416                     -0.20420312
                   1.418                     -0.20488538
                    1.42                     -0.20550628
               1.4220001                     -0.20606381
                   1.424                     -0.20656002
                   1.426                      -0.2069963
                   1.428                     -0.20737234
               1.4299999                     -0.20768977
                   1.432                     -0.20795092
                   1.434                     -0.20815737
                   1.436                     -0.20831004
                   1.438                     -0.20841139
               1.4400001                     -0.20846412
                   1.442                     -0.20847122
                   1.444                     -0.20843382
                   1.446                     -0.20835552
                   1.448                     -0.20823918
                    1.45                     -0.20808839
                   1.452                     -0.20790575
                   1.454                     -0.20769427
                   1.456                     -0.20745894
               1.4579999                     -0.20720163
                    1.46                     -0.20692559
                   1.462                     -0.20663646
                   1.464                     -0.20633651
                   1.466                     -0.20602964
               1.4680001                     -0.20571887
                    1.47                     -0.20540934
                   1.472                     -0.20510444
                   1.474                      -0.2048078
                   1.476                     -0.20452214
                   1.478                     -0.20425254
                    1.48                      -0.2040025
                   1.482                     -0.20377434
                   1.484                     -0.20357304
               1.4859999                     -0.20340181
                   1.488                     -0.20326281
                    1.49                     -0.20316064
                   1.492                      -0.2030977
                   1.494                     -0.20307691
               1.4960001                     -0.20310219
                   1.498                     -0.20317477
                     1.5                      -0.2032971
                   1.502                     -0.20347336
               1.5039999                      -0.2037053
                   1.506                     -0.20399339
                   1.508                     -0.20434135
                    1.51                     -0.20475011
                   1.512                     -0.20522158
               1.5140001                     -0.20575679
                   1.516                     -0.20635747
                   1.518                     -0.20702411
                    1.52                     -0.20775783
                   1.522                     -0.20855892
                   1.524                      -0.2094282
                   1.526                     -0.21036595
                   1.528                     -0.21137202
                    1.53                      -0.2124456
               1.5319999                     -0.21358832
                   1.534                      -0.2147976
                   1.536                     -0.21607334
                   1.538                     -0.21741518
                    1.54                     -0.21882166
               1.5420001                     -0.22029189
                   1.544                     -0.22182398
                   1.546                     -0.22341691
                   1.548                     -0.22506825
                    1.55                     -0.22677679
                   1.552                     -0.22854048
                   1.554                     -0.23035677
                   1.556                     -0.23222333
                   1.558                     -0.23413917
               1.5599999                     -0.23610035
                   1.562                     -0.23810489
                   1.564                     -0.24014978
                   1.566                     -0.24223277
                   1.568                     -0.24435067
               1.5700001                     -0.24650023
                   1.572                     -0.24867975
                   1.574                     -0.25088582
                   1.576                     -0.25311497
               1.5779999                     -0.25536433
                    1.58                     -0.25763166
                   1.582                     -0.25991231
                   1.584                     -0.26220521
                   1.586                     -0.26450662
               1.5880001                     -0.26681346
                    1.59                     -0.26912308
                   1.592                     -0.27143204
                   1.594                     -0.27373807
                   1.596                     -0.27603881
                   1.598                     -0.27833082
                     1.6                     -0.28061295
                   1.602                     -0.28288129
                   1.604                     -0.28513572
               1.6059999                     -0.28737132
                   1.608                     -0.28958744
                    1.61                     -0.29178163
                   1.612                     -0.29395353
                   1.614                     -0.29609991
               1.6160001                     -0.29822083
                   1.618                     -0.30031319
                    1.62                     -0.30237724
                   1.622                     -0.30441154
                   1.624                      -0.3064147
                   1.626                     -0.30838759
                   1.628                      -0.3103279
                    1.63                     -0.31223745
                   1.632                     -0.31411429
               1.6339999                     -0.31595903
                   1.636                      -0.3177728
                   1.638                     -0.31955461
                    1.64                     -0.32130645
                   1.642                     -0.32302832
               1.6440001                     -0.32472108
                   1.646                     -0.32638665
                   1.648                     -0.32802586
                    1.65                     -0.32963998
                   1.652                     -0.33123077
                   1.654                     -0.33279997
                   1.656                     -0.33435033
                   1.658                     -0.33588344
                    1.66                     -0.33740039
               1.6619999                     -0.33890539
                   1.664                     -0.34039939
                   1.666                     -0.34188606
                   1.668                     -0.34336733
                    1.67                     -0.34484677
               1.6720001                     -0.34632631
                   1.674                     -0.34780956
                   1.676                     -0.34929989
                   1.678                     -0.35079914
               1.6799999                     -0.35231148
                   1.682                     -0.35383932
                   1.684                     -0.35538708
                   1.686                     -0.35695669
                   1.688                     -0.35855215
               1.6900001                     -0.36017656
                   1.692                      -0.3618332
                   1.694                     -0.36352528
                   1.696                     -0.36525627
                   1.698                     -0.36702826
                     1.7                     -0.36884678
                   1.702                     -0.37071202
                   1.704                      -0.3726287
                   1.706                     -0.37459996
               1.7079999                     -0.37662733
                    1.71                     -0.37871478
                   1.712                      -0.3808649
                   1.714                     -0.38307992
                   1.716                     -0.38536173
               1.7180001                     -0.38771406
                    1.72                     -0.39013843
                   1.722                     -0.39263686
                   1.724                      -0.3952123
                   1.726                     -0.39786442
                   1.728                     -0.40059783
                    1.73                     -0.40341234
                   1.732                     -0.40630995
                   1.734                     -0.40929093
               1.7359999                      -0.4123576
                   1.738                      -0.4155108
                    1.74                      -0.4187511
                   1.742                     -0.42207832
                   1.744                     -0.42549476
               1.7460001                     -0.42899925
                   1.748                     -0.43259275
                    1.75                     -0.43627405
                   1.752                     -0.44004535
               1.7539999                      -0.4439051
                   1.756                     -0.44785169
                   1.758                     -0.45188526
                    1.76                     -0.45600632
                   1.762                     -0.46021327
               1.7640001                     -0.46450441
                   1.766                     -0.46887869
                   1.768                     -0.47333662
                    1.77                     -0.47787441
                   1.772                     -0.48249186
                   1.774                      -0.4871867
                   1.776                     -0.49195809
                   1.778                     -0.49680394
                    1.78                     -0.50172184
               1.7819999                      -0.5067101
                   1.784                      -0.5117665
                   1.786                     -0.51688938
                   1.788                     -0.52207666
                    1.79                     -0.52732525
               1.7920001                     -0.53263349
                   1.794                     -0.53799913
                   1.796                     -0.54342015
                   1.798                     -0.54889347
                     1.8                     -0.55441846
                   1.802                     -0.55999127
                   1.804                     -0.56560921
                   1.806                     -0.57127178
                   1.808                     -0.57697604
               1.8099999                     -0.58271919
                   1.812                     -0.58849959
                   1.814                     -0.59431645
                   1.816                     -0.60016573
                   1.818                     -0.60604755
               1.8200001                      -0.6119591
                   1.822                     -0.61789884
                   1.824                     -0.62386577
                   1.826                     -0.62985822
               1.8279999                      -0.6358741
                    1.83                     -0.64191336
                   1.832                     -0.64797456
                   1.834                     -0.65405722
                   1.836                     -0.66016104
               1.8380001                     -0.66628405
                    1.84                     -0.67242701
                   1.842                     -0.67858975
                   1.844                     -0.68477213
                   1.846                     -0.69097464
                   1.848                     -0.69719618
                    1.85                      -0.7034396
                   1.852                     -0.70970444
                   1.854                     -0.71599098
               1.8559999                     -0.72230074
                   1.858                     -0.72863605
                    1.86                     -0.73499745
                   1.862                      -0.7413871
                   1.864                     -0.74780602
               1.8660001                     -0.75425752
                   1.868                     -0.76074312
                    1.87                     -0.76726622
                   1.872                     -0.77382697
                   1.874                     -0.78043032
                   1.876                       -0.787079
                   1.878                     -0.79377584
                    1.88                     -0.80052406
                   1.882                     -0.80732666
               1.8839999                     -0.81418796
                   1.886                     -0.82111099
                   1.888                     -0.82810063
                    1.89                     -0.83515965
                   1.892                     -0.84229237
               1.8940001                     -0.84950368
                   1.896                     -0.85679687
                   1.898                     -0.86417726
                     1.9                     -0.87164889
                   1.902                     -0.87921641
                   1.904                     -0.88688403
                   1.906                     -0.89465664
                   1.908                     -0.90253901
                    1.91                     -0.91053558
               1.9119999                     -0.91865112
                   1.914                     -0.92689177
                   1.916                     -0.93525992
                   1.918                     -0.94376154
                    1.92                     -0.95240125
               1.9220001                     -0.96118443
                   1.924                     -0.97011442
                   1.926                     -0.97919671
                   1.928                     -0.98843636
               1.9299999                     -0.99783764
                   1.932                      -1.0074039
                   1.934                       -1.017141
                   1.936                      -1.0270519
                   1.938                       -1.037142
               1.9400001                      -1.0474153
                   1.942                      -1.0578745
                   1.944                      -1.0685254
                   1.946                      -1.0793701
                   1.948                      -1.0904137
                    1.95                      -1.1016594
                   1.952                      -1.1131095
                   1.954                      -1.1247686
                   1.956                       -1.136639
               1.9579999                      -1.1487243
                    1.96                      -1.1610266
                   1.962                      -1.1735489
                   1.964                      -1.1862939
                   1.966                      -1.1992641
               1.9680001                      -1.2124617
                    1.97                      -1.2258881
                   1.972                      -1.2395463
                   1.974                      -1.2534376
                   1.976                      -1.2675631
                   1.978                      -1.2819248
                    1.98                      -1.2965244
                   1.982                      -1.3113612
                   1.984                      -1.3264387
               1.9859999                      -1.3417571
                   1.988                      -1.3573159
                    1.99                      -1.3731168
                   1.992                      -1.3891609
                   1.994                      -1.4054479
               1.9960001                      -1.4219779
                   1.998                      -1.4387517
                       2                      -1.4557693
               2.0020001                      -1.4730306
               2.0039999                      -1.4905354
                   2.006                      -1.5082847
               2.0079999                      -1.5262761
                    2.01                      -1.5445117
               2.0120001                      -1.5629907
               2.0139999                      -1.5817127
                   2.016                      -1.6006777
               2.0179999                       -1.619885
                    2.02                      -1.6393351
               2.0220001                      -1.6590269
               2.0239999                      -1.6789613
                   2.026                      -1.6991378
               2.0280001                      -1.7195569
                    2.03                      -1.7402178
               2.0320001                      -1.7611225
               2.0339999                      -1.7822688
                   2.036                      -1.8036588
               2.0380001                       -1.825293
                    2.04                      -1.8471711
               2.0420001                       -1.869296
               2.0439999                      -1.8916667
                   2.046                      -1.9142856
               2.0480001                      -1.9371545
                    2.05                      -1.9602746
                   2.052                       -1.983648
               2.0539999                      -2.0072772
                   2.056                      -2.0311645
               2.0580001                      -2.0553123
               2.0599999                      -2.0797241
                   2.062                      -2.1044036
               2.0639999                      -2.1293542
                   2.066                      -2.1545792
               2.0680001                      -2.1800845
               2.0699999                      -2.2058732
                   2.072                      -2.2319518
               2.0739999                      -2.2583247
                   2.076                      -2.2849987
               2.0780001                      -2.3119783
               2.0799999                      -2.3392719
                   2.082                      -2.3668858
               2.0840001                      -2.3948278
                   2.086                      -2.4231049
               2.0880001                      -2.4517251
               2.0899999                      -2.4806979
                   2.092                      -2.5100331
               2.0940001                      -2.5397387
                   2.096                      -2.5698255
                   2.098                      -2.6003023
               2.0999999                      -2.6311818
                   2.102                      -2.6624745
               2.1040001                      -2.6941926
               2.1059999                      -2.7263473
                   2.108                      -2.7589507
               2.1099999                      -2.7920183
                   2.112                      -2.8255601
               2.1140001                      -2.8595917
               2.1159999                      -2.8941284
                   2.118                      -2.9291823
               2.1199999                      -2.9647699
                   2.122                      -3.0009073
               2.1240001                       -3.037609
               2.1259999                      -3.0748918
                   2.128                      -3.1127731
               2.1300001                      -3.1512681
                   2.132                      -3.1903964
               2.1340001                      -3.2301741
               2.1359999                      -3.2706204
                   2.138                       -3.311754
               2.1400001                      -3.3535922
                   2.142                      -3.3961558
               2.1440001                      -3.4394643
               2.1459999                      -3.4835371
                   2.148                      -3.5283945
               2.1500001                      -3.5740579
                   2.152                      -3.6205464
                   2.154                      -3.6678827
               2.1559999                      -3.7160881
                   2.158                      -3.7651845
               2.1600001                      -3.8151929
               2.1619999                      -3.8661369
                   2.164                      -3.9180385
               2.1659999                      -3.9709207
                   2.168                      -4.0248068
               2.1700001                      -4.0797207
               2.1719999                      -4.1356868
                   2.174                      -4.1927268
               2.1760001                      -4.2508673
                   2.178                      -4.3101321
               2.1800001                      -4.3705462
               2.1819999                      -4.4321342
                   2.184                      -4.4949205
               2.1860001                      -4.5589315
                   2.188                      -4.6241947
               2.1900001                      -4.6907345
               2.1919999                      -4.7585761
                   2.194                      -4.8277484
               2.1960001                      -4.8982776
                   2.198                      -4.9701913
                     2.2                      -5.0435141
               2.2019999                      -5.1182776
                   2.204                      -5.1945065
               2.2060001                      -5.2722311
               2.2079999                      -5.3514787
                    2.21                      -5.4322793
               2.2119999                      -5.5146612
                   2.214                      -5.5986535
               2.2160001                      -5.6842877
               2.2179999                      -5.7715908
                    2.22                      -5.8605961
               2.2219999                      -5.9513314
                   2.224                      -6.0438308
               2.2260001                      -6.1381242
               2.2279999                      -6.2342432
                    2.23                      -6.3322211
               2.2320001                      -6.4320894
                   2.234                      -6.5338815
               2.2360001                      -6.6376307
               2.2379999                      -6.7433708
                    2.24                      -6.8511365
               2.2420001                       -6.960962
                   2.244                      -7.0728822
               2.2460001                      -7.1869337
               2.2479999                       -7.303152
                    2.25                      -7.4215739
               2.2520001                      -7.5422373
               2.2539999                      -7.6651785
                   2.256                      -7.7904364
               2.2579999                      -7.9180504
                    2.26                       -8.048059
               2.2620001                      -8.1805027
               2.2639999                      -8.3154216
                   2.266                      -8.4528572
               2.2679999                      -8.5928502
                    2.27                      -8.7354453
               2.2720001                       -8.880683
               2.2739999                      -9.0286072
                   2.276                      -9.1792625
               2.2780001                      -9.3326937
                    2.28                       -9.488944
               2.2820001                      -9.6480625
               2.2839999                      -9.8100932
                   2.286                      -9.9750848
               2.2880001                      -10.143082
                    2.29                      -10.314134
               2.2920001                      -10.488289
               2.2939999                      -10.665595
                   2.296                        -10.8461
               2.2980001                      -11.029855
                     2.3                      -11.216905
                   2.302                      -11.407303
               2.3039999                      -11.601095
                   2.306                      -11.798328
               2.3080001                      -11.999052
               2.3099999                      -12.203313
                   2.312                      -12.411157
               2.3139999                      -12.622626
                   2.316                      -12.837765
               2.3180001                      -13.056614
               2.3199999                       -13.27921
                   2.322                      -13.505589
               2.3239999                       -13.73578
                   2.326                      -13.969813
               2.3280001                      -14.207708
               2.3299999                      -14.449482
                   2.332                      -14.695142
               2.3340001                      -14.944693
                   2.336                      -15.198122
               2.3380001                      -15.455413
               2.3399999                      -15.716533
                   2.342                      -15.981439
               2.3440001                      -16.250069
                   2.346                       -16.52234
                   2.348                      -16.798155
               2.3499999                      -17.077388
                   2.352                      -17.359888
               2.3540001                      -17.645474
               2.3559999                       -17.93393
                   2.358                      -18.225004
               2.3599999                      -18.518398
                   2.362                      -18.813774
               2.3640001                      -19.110735
               2.3659999                      -19.408835
                   2.368                      -19.707563
               2.3699999                      -20.006345
                   2.372                      -20.304537
               2.3740001                      -20.601423
               2.3759999                      -20.896213
                   2.378                      -21.188042
               2.3800001                      -21.475971
                   2.382                      -21.758992
               2.3840001                      -22.036034
               2.3859999                      -22.305971
                   2.388                      -22.567637
               2.3900001                      -22.819843
                   2.392                      -23.061398
               2.3940001                      -23.291132
               2.3959999                      -23.507917
                   2.398                      -23.710708
               2.4000001                      -23.898553
                   2.402                      -24.070631
                   2.404                      -24.226272
               2.4059999                      -24.364966
                   2.408                      -24.486383
               2.4100001                      -24.590374
               2.4119999                      -24.676963
                   2.414                      -24.746338
               2.4159999                      -24.798836
                   2.418                      -24.834915
               2.4200001                      -24.855134
               2.4219999                      -24.860124
                   2.424                      -24.850556
               2.4260001                      -24.827124
                   2.428                      -24.790516
               2.4300001                        -24.7414
               2.4319999                      -24.680406
                   2.434                       -24.60812
               2.4360001                      -24.525072
                   2.438                      -24.431739
               2.4400001                      -24.328543
               2.4419999                      -24.215855
                   2.444                      -24.094002
               2.4460001                      -23.963273
                   2.448                      -23.823931
                    2.45                      -23.676213
               2.4519999                      -23.520349
                   2.454                      -23.356567
               2.4560001                      -23.185096
               2.4579999                      -23.006177
                    2.46                      -22.820068
               2.4619999                      -22.627047
                   2.464                      -22.427414
               2.4660001                      -22.221493
               2.4679999                       -22.00963
                    2.47                      -21.792198
               2.4719999                      -21.569584
                   2.474                      -21.342196
               2.4760001                      -21.110454
               2.4779999                      -20.874787
                    2.48                      -20.635632
               2.4820001                      -20.393424
                   2.484                      -20.148598
               2.4860001                      -19.901579
               2.4879999                      -19.652789
                    2.49                       -19.40263
               2.4920001                      -19.151494
                   2.494                      -18.899755
               2.4960001                      -18.647765
               2.4979999                      -18.395863
                     2.5                      -18.144361
               2.5020001                      -17.893553
               2.5039999                      -17.643713
                   2.506                      -17.395095
               2.5079999                      -17.147925
                    2.51                      -16.902421
               2.5120001                      -16.658773
               2.5139999                      -16.417156
                   2.516                      -16.177729
               2.5179999                      -15.940631
                    2.52                      -15.705989
               2.5220001                      -15.473915
               2.5239999                      -15.244505
                   2.526                      -15.017846
               2.5280001                      -14.794013
                    2.53                      -14.573067
               2.5320001                      -14.355063
               2.5339999                      -14.140044
                   2.536                       -13.92805
               2.5380001                      -13.719107
                    2.54                      -13.513238
               2.5420001                       -13.31046
               2.5439999                      -13.110783
                   2.546                      -12.914211
               2.5480001                      -12.720746
                    2.55                      -12.530385
                   2.552                       -12.34312
               2.5539999                      -12.158941
                   2.556                      -11.977836
               2.5580001                      -11.799788
               2.5599999                      -11.624777
                   2.562                      -11.452785
               2.5639999                      -11.283787
                   2.566                      -11.117763
               2.5680001                      -10.954683
               2.5699999                      -10.794522
                   2.572                      -10.637252
               2.5739999                      -10.482844
                   2.576                      -10.331268
               2.5780001                      -10.182493
               2.5799999                      -10.036488
                   2.582                      -9.8932206
               2.5840001                       -9.752659
                   2.586                      -9.6147688
               2.5880001                      -9.4795182
               2.5899999                      -9.3468733
                   2.592                      -9.2167996
               2.5940001                      -9.0892636
                   2.596                      -8.9642308
                   2.598                      -8.8416669
               2.5999999                      -8.7215375
                   2.602                       -8.603806
               2.6040001                      -8.4884403
               2.6059999                      -8.3754044
                   2.608                      -8.2646637
               2.6099999                      -8.1561831
                   2.612                      -8.0499268
               2.6140001                      -7.9458598
               2.6159999                      -7.8439481
                   2.618                      -7.7441561
               2.6199999                      -7.6464487
                   2.622                      -7.5507908
               2.6240001                      -7.4571459
               2.6259999                      -7.3654815
                   2.628                      -7.2757604
               2.6300001                      -7.1879468
                   2.632                      -7.1020066
               2.6340001                      -7.0179055
               2.6359999                      -6.9356058
                   2.638                      -6.8550729
               2.6400001                      -6.7762716
                   2.642                      -6.6991661
               2.6440001                      -6.6237217
               2.6459999                       -6.549902
                   2.648                      -6.4776715
               2.6500001                      -6.4069953
                   2.652                      -6.3378366
                   2.654                      -6.2701606
               2.6559999                      -6.2039313
                   2.658                      -6.1391136
               2.6600001                      -6.0756707
               2.6619999                      -6.0135669
                   2.664                      -5.9527679
               2.6659999                      -5.8932369
                   2.668                      -5.8349375
               2.6700001                      -5.7778361
               2.6719999                      -5.7218961
                   2.674                      -5.6670814
               2.6760001                      -5.6133579
                   2.678                      -5.5606895
               2.6800001                      -5.5090417
               2.6819999                      -5.4583796
                   2.684                      -5.4086686
               2.6860001                      -5.3598735
                   2.688                      -5.3119611
               2.6900001                      -5.2648979
               2.6919999                      -5.2186483
                   2.694                      -5.1731802
               2.6960001                      -5.1284623
                   2.698                      -5.0844596
                     2.7                      -5.0411428
               2.7019999                      -4.9984785
                   2.704                      -4.9564367
               2.7060001                       -4.914986
               2.7079999                      -4.8740992
                    2.71                      -4.8337445
               2.7119999                      -4.7938958
                   2.714                      -4.7545234
               2.7160001                      -4.7156025
               2.7179999                      -4.6771066
                    2.72                      -4.6390095
               2.7219999                      -4.6012888
                   2.724                      -4.5639187
               2.7260001                      -4.5268783
               2.7279999                      -4.4901458
                    2.73                      -4.4537029
               2.7320001                       -4.417528
                   2.734                      -4.3816029
               2.7360001                      -4.3459114
               2.7379999                      -4.3104366
                    2.74                      -4.2751654
               2.7420001                      -4.2400819
                   2.744                      -4.2051759
               2.7460001                      -4.1704334
               2.7479999                      -4.1358465
                    2.75                      -4.1014056
               2.7520001                      -4.0671017
               2.7539999                      -4.0329304
                   2.756                      -3.9988848
               2.7579999                      -3.9649608
                    2.76                      -3.9311547
               2.7620001                      -3.8974667
               2.7639999                      -3.8638933
                   2.766                       -3.830437
               2.7679999                      -3.7970973
                    2.77                       -3.763878
               2.7720001                      -3.7307814
               2.7739999                      -3.6978117
                   2.776                      -3.6649751
               2.7780001                      -3.6322765
                    2.78                      -3.5997235
               2.7820001                      -3.5673236
               2.7839999                      -3.5350856
                   2.786                       -3.503019
               2.7880001                       -3.471131
                    2.79                      -3.4394355
               2.7920001                      -3.4079407
               2.7939999                      -3.3766595
                   2.796                      -3.3456025
               2.7980001                      -3.3147831
                     2.8                      -3.2842131
                   2.802                      -3.2539062
               2.8039999                      -3.2238739
                   2.806                      -3.1941298
               2.8080001                      -3.1646872
               2.8099999                      -3.1355585
                   2.812                      -3.1067594
               2.8139999                       -3.078301
                   2.816                      -3.0501967
               2.8180001                      -3.0224597
               2.8199999                      -2.9951032
                   2.822                      -2.9681382
               2.8239999                      -2.9415779
                   2.826                      -2.9154337
               2.8280001                      -2.8897169
               2.8299999                      -2.8644398
                   2.832                      -2.8396109
               2.8340001                      -2.8152409
                   2.836                      -2.7913396
               2.8380001                      -2.7679156
               2.8399999                      -2.7449774
                   2.842                      -2.7225312
               2.8440001                      -2.7005862
                   2.846                      -2.6791465
                   2.848                      -2.6582184
               2.8499999                      -2.6378072
                   2.852                      -2.6179151
               2.8540001                      -2.5985466
               2.8559999                      -2.5797036
                   2.858                      -2.5613871
               2.8599999                       -2.543598
                   2.862                      -2.5263359
               2.8640001                      -2.5095994
               2.8659999                      -2.4933868
                   2.868                      -2.4776941
               2.8699999                      -2.4625192
                   2.872                      -2.4478558
               2.8740001                      -2.4336985
               2.8759999                      -2.4200399
                   2.878                       -2.406873
               2.8800001                       -2.394189
                   2.882                      -2.3819788
               2.8840001                      -2.3702325
               2.8859999                      -2.3589376
                   2.888                      -2.3480824
               2.8900001                      -2.3376537
                   2.892                      -2.3276379
               2.8940001                      -2.3180203
               2.8959999                      -2.3087845
                   2.898                      -2.2999155
               2.9000001                      -2.2913954
                   2.902                      -2.2832062
                   2.904                      -2.2753302
               2.9059999                      -2.2677474
                   2.908                      -2.2604394
               2.9100001                      -2.2533838
               2.9119999                      -2.2465612
                   2.914                      -2.2399493
               2.9159999                      -2.2335275
                   2.918                      -2.2272717
               2.9200001                      -2.2211622
               2.9219999                      -2.2151735
                   2.924                      -2.2092841
               2.9260001                      -2.2034713
                   2.928                       -2.197711
               2.9300001                        -2.19198
               2.9319999                      -2.1862568
                   2.934                       -2.180517
               2.9360001                      -2.1747382
                   2.938                      -2.1688986
               2.9400001                       -2.162976
               2.9419999                      -2.1569488
                   2.944                      -2.1507964
               2.9460001                      -2.1444984
                   2.948                      -2.1380347
                    2.95                      -2.1313865
               2.9519999                      -2.1245366
                   2.954                      -2.1174667
               2.9560001                       -2.110162
               2.9579999                      -2.1026069
                    2.96                      -2.0947881
               2.9619999                      -2.0866905
                   2.964                      -2.0783051
               2.9660001                      -2.0696216
               2.9679999                      -2.0606307
                    2.97                      -2.0513241
               2.9719999                      -2.0416965
                   2.974                       -2.031744
               2.9760001                      -2.0214626
               2.9779999                      -2.0108519
                    2.98                      -1.9999101
               2.9820001                      -1.9886408
                   2.984                       -1.977046
               2.9860001                      -1.9651309
               2.9879999                       -1.952901
                    2.99                       -1.940364
               2.9920001                      -1.9275291
                   2.994                      -1.9144082
               2.9960001                      -1.9010113
               2.9979999                      -1.8873521
                       3                      -1.8734477

